348 130 84 4 0
432 130 84 2 90
600 130 84 2 0
684 130 84 1 90
768 130 84 2 90
432 214 84 2 270
516 214 84 3 180
600 214 84 2 180
684 214 84 2 270
768 214 84 1 180
348 298 84 2 0
432 298 84 3 0
516 298 84 3 0
600 298 84 2 90
768 298 84 3 90
348 382 84 2 270
432 382 84 3 180
516 382 84 3 180
600 382 84 0 270
684 382 84 3 0
768 382 84 2 180
348 466 84 2 0
432 466 84 3 0
516 466 84 3 0
600 466 84 1 270
684 466 84 3 180
768 466 84 2 90
348 550 84 2 270
432 550 84 3 180
516 550 84 3 0
600 550 84 3 180
684 550 84 3 180
768 550 84 2 180