348 130 84 2 0
432 130 84 4 180
516 130 84 2 0
600 130 84 3 180
684 130 84 3 180
768 130 84 2 90
348 214 84 2 270
432 214 84 2 90
516 214 84 3 270
600 214 84 4 0
684 214 84 3 0
768 214 84 2 180
348 298 84 2 0
432 298 84 2 180
516 298 84 2 270
600 298 84 3 0
684 298 84 3 180
768 298 84 2 90
348 382 84 2 270
432 382 84 3 180
516 382 84 2 90
600 382 84 2 0
684 382 84 3 180
768 382 84 2 180
348 466 84 2 0
432 466 84 3 0
516 466 84 2 180
600 466 84 2 270
684 466 84 3 180
768 466 84 2 90
348 550 84 2 270
432 550 84 3 0
516 550 84 3 0
600 550 84 3 180
684 550 84 3 0
768 550 84 2 180

